Name;Number
Greg;3253453
matt;2333
dima;111032
shre4;432100
eojhqf;33214
oleg;542
tevos;233454
murat;1114
khan;94304900
olzhas;424211
damian;4242356